2.760000	-0.208713
2.770000	-0.015553
2.780000	0.087439
2.790000	0.127118
2.800000	0.126295
2.810000	0.103998
2.820000	0.075755
2.830000	0.053859
2.840000	0.047646
2.850000	0.063764
2.860000	0.106449
2.870000	0.177792
2.880000	0.278020
2.890000	0.405759
2.900000	0.558317
2.910000	0.731946
2.920000	0.922124
2.930000	1.123822
2.940000	1.331777
2.950000	1.540769
2.960000	1.745887
2.970000	1.942791
2.980000	2.127837
2.990000	2.298055
3.000000	2.451103
3.010000	2.585224
3.020000	2.699196
3.030000	2.792292
3.040000	2.864227
3.050000	2.915122
3.060000	2.945448
3.070000	2.955988
3.080000	2.947788
3.090000	2.922111
3.100000	2.880394
3.110000	2.824199
3.120000	2.755171
3.130000	2.674987
3.140000	2.585318
3.150000	2.487775
3.160000	2.383870
3.170000	2.274976
3.180000	2.162322
3.190000	2.046996
3.200000	1.929958
3.210000	1.812047
3.220000	1.693985
3.230000	1.576392
3.240000	1.459789
3.250000	1.344607
3.260000	1.231199
3.270000	1.119843
3.280000	1.010753
3.290000	0.904086
3.300000	0.799952
3.310000	0.698420
3.320000	0.599527
3.330000	0.503288
3.340000	0.409700
3.350000	0.318756
3.360000	0.230446
3.370000	0.144767
3.380000	0.061725
3.390000	-0.018671
3.400000	-0.096403
3.410000	-0.171448
3.420000	-0.243775
3.430000	-0.313347
3.440000	-0.380122
3.450000	-0.444049
3.460000	-0.505072
3.470000	-0.563127
3.480000	-0.618147
3.490000	-0.670055
3.500000	-0.718768
3.510000	-0.764199
3.520000	-0.806253
3.530000	-0.844827
3.540000	-0.879816
3.550000	-0.911103
3.560000	-0.938571
3.570000	-0.962093
3.580000	-0.981546
3.590000	-0.996804
3.600000	-1.007749
3.610000	-1.014267
3.620000	-1.016258
3.630000	-1.013630
3.640000	-1.006311
3.650000	-0.994247
3.660000	-0.977403
3.670000	-0.955772
3.680000	-0.929372
3.690000	-0.898251
3.700000	-0.862493
3.710000	-0.822214
3.720000	-0.777571
3.730000	-0.728762
3.740000	-0.676031
3.750000	-0.619666
3.760000	-0.560007
3.770000	-0.497433
3.780000	-0.432361
3.790000	-0.365240
3.800000	-0.296543
3.810000	-0.226762
3.820000	-0.156402
3.830000	-0.085975
3.840000	-0.015996
3.850000	0.053027
3.860000	0.120596
3.870000	0.186229
3.880000	0.249469
3.890000	0.309886
3.900000	0.367084
3.910000	0.420708
3.920000	0.470450
3.930000	0.516056
3.940000	0.557327
3.950000	0.594130
3.960000	0.626395
3.970000	0.654110
3.980000	0.677318
3.990000	0.696112
4.000000	0.710625
4.010000	0.721033
4.020000	0.727545
4.030000	0.730398
4.040000	0.729853
4.050000	0.726192
4.060000	0.719709
4.070000	0.710709
4.080000	0.699500
4.090000	0.686388
4.100000	0.671676
4.110000	0.655655
4.120000	0.638599
4.130000	0.620763
4.140000	0.602376
4.150000	0.583637
4.160000	0.564717
4.170000	0.545761
4.180000	0.526889
4.190000	0.508198
4.200000	0.489762
4.210000	0.471638
4.220000	0.453866
4.230000	0.436469
4.240000	0.419458
4.250000	0.402831
4.260000	0.386577
4.270000	0.370678
4.280000	0.355108
4.290000	0.339838
4.300000	0.324838
4.310000	0.310077
4.320000	0.295523
4.330000	0.281152
4.340000	0.266942
4.350000	0.252878
4.360000	0.238951
4.370000	0.225156
4.380000	0.211494
4.390000	0.197969
4.400000	0.184589
4.410000	0.171365
4.420000	0.158309
4.430000	0.145438
4.440000	0.132768
4.450000	0.120316
4.460000	0.108100
4.470000	0.096138
4.480000	0.084447
4.490000	0.073043
4.500000	0.061939
4.510000	0.051147
4.520000	0.040676
4.530000	0.030532
4.540000	0.020716
4.550000	0.011227
4.560000	0.002058
4.570000	-0.006797
4.580000	-0.015349
4.590000	-0.023612
4.600000	-0.031599
4.610000	-0.039328
4.620000	-0.046815
4.630000	-0.054079
4.640000	-0.061138
4.650000	-0.068011
4.660000	-0.074717
4.670000	-0.081273
4.680000	-0.087697
4.690000	-0.094004
4.700000	-0.100208
4.710000	-0.106321
4.720000	-0.112354
4.730000	-0.118312
4.740000	-0.124201
4.750000	-0.130021
4.760000	-0.135773
4.770000	-0.141452
4.780000	-0.147055
4.790000	-0.152574
4.800000	-0.158002
4.810000	-0.163329
4.820000	-0.168546
4.830000	-0.173641
4.840000	-0.178604
4.850000	-0.183422
4.860000	-0.188085
4.870000	-0.192580
4.880000	-0.196897
4.890000	-0.201025
4.900000	-0.204956
4.910000	-0.208682
4.920000	-0.212195
4.930000	-0.215490
4.940000	-0.218565
4.950000	-0.221417
4.960000	-0.224046
4.970000	-0.226453
4.980000	-0.228639
4.990000	-0.230608
5.000000	-0.232364
5.010000	-0.233912
5.020000	-0.235257
5.030000	-0.236405
5.040000	-0.237365
5.050000	-0.238142
5.060000	-0.238745
5.070000	-0.239181
5.080000	-0.239459
5.090000	-0.239585
5.100000	-0.239569
5.110000	-0.239417
5.120000	-0.239137
5.130000	-0.238736
5.140000	-0.238220
5.150000	-0.237595
5.160000	-0.236866
5.170000	-0.236040
5.180000	-0.235122
5.190000	-0.234115
5.200000	-0.233024
5.210000	-0.231855
5.220000	-0.230610
5.230000	-0.229293
5.240000	-0.227909
5.250000	-0.226459
5.260000	-0.224949
5.270000	-0.223380
5.280000	-0.221756
5.290000	-0.220080
5.300000	-0.218354
5.310000	-0.216582
5.320000	-0.214766
5.330000	-0.212908
5.340000	-0.211013
5.350000	-0.209082
5.360000	-0.207118
5.370000	-0.205124
5.380000	-0.203104
5.390000	-0.201059
5.400000	-0.198994
5.410000	-0.196910
5.420000	-0.194812
5.430000	-0.192703
5.440000	-0.190586
5.450000	-0.188465
5.460000	-0.186344
5.470000	-0.184226
5.480000	-0.182115
5.490000	-0.180017
5.500000	-0.177935
5.510000	-0.175874
5.520000	-0.173839
5.530000	-0.171836
5.540000	-0.169868
5.550000	-0.167942
5.560000	-0.166063
5.570000	-0.164237
5.580000	-0.162468
5.590000	-0.160761
5.600000	-0.159123
5.610000	-0.157556
5.620000	-0.156067
5.630000	-0.154659
5.640000	-0.153336
5.650000	-0.152101
5.660000	-0.150959
5.670000	-0.149911
5.680000	-0.148958
5.690000	-0.148104
5.700000	-0.147349
5.710000	-0.146692
5.720000	-0.146134
5.730000	-0.145672
5.740000	-0.145306
5.750000	-0.145033
5.760000	-0.144849
5.770000	-0.144752
5.780000	-0.144736
5.790000	-0.144797
5.800000	-0.144929
5.810000	-0.145126
5.820000	-0.145382
5.830000	-0.145689
5.840000	-0.146041
5.850000	-0.146429
5.860000	-0.146845
5.870000	-0.147279
5.880000	-0.147723
5.890000	-0.148166
5.900000	-0.148599
5.910000	-0.149010
5.920000	-0.149390
5.930000	-0.149726
5.940000	-0.150009
5.950000	-0.150226
5.960000	-0.150367
5.970000	-0.150422
5.980000	-0.150379
5.990000	-0.150230
6.000000	-0.149964
6.010000	-0.149573
6.020000	-0.149049
6.030000	-0.148385
6.040000	-0.147575
6.050000	-0.146614
6.060000	-0.145497
6.070000	-0.144224
6.080000	-0.142791
6.090000	-0.141200
6.100000	-0.139453
6.110000	-0.137552
6.120000	-0.135504
6.130000	-0.133313
6.140000	-0.130988
6.150000	-0.128537
6.160000	-0.125968
6.170000	-0.123291
6.180000	-0.120516
6.190000	-0.117654
6.200000	-0.114714
6.210000	-0.111708
6.220000	-0.108644
6.230000	-0.105533
6.240000	-0.102384
6.250000	-0.099204
6.260000	-0.096002
6.270000	-0.092783
6.280000	-0.089552
6.290000	-0.086314
6.300000	-0.083069
6.310000	-0.079819
6.320000	-0.076562
6.330000	-0.073297
6.340000	-0.070021
6.350000	-0.066731
6.360000	-0.063423
6.370000	-0.060092
6.380000	-0.056733
6.390000	-0.053344
6.400000	-0.049919
6.410000	-0.046456
6.420000	-0.042951
6.430000	-0.039402
6.440000	-0.035809
6.450000	-0.032171
6.460000	-0.028491
6.470000	-0.024772
6.480000	-0.021019
6.490000	-0.017240
6.500000	-0.013443
6.510000	-0.009641
6.520000	-0.005846
6.530000	-0.002072
6.540000	0.001665
6.550000	0.005350
6.560000	0.008967
6.570000	0.012498
6.580000	0.015927
6.590000	0.019237
6.600000	0.022414
6.610000	0.025441
6.620000	0.028306
6.630000	0.030997
6.640000	0.033502
6.650000	0.035814
6.660000	0.037925
6.670000	0.039833
6.680000	0.041536
6.690000	0.043036
6.700000	0.044338
6.710000	0.045450
6.720000	0.046382
6.730000	0.047146
6.740000	0.047756
6.750000	0.048227
6.760000	0.048574
6.770000	0.048817
6.780000	0.048971
6.790000	0.049056
6.800000	0.049088
6.810000	0.049085
6.820000	0.049064
6.830000	0.049040
6.840000	0.049029
6.850000	0.049041
6.860000	0.049088
6.870000	0.049179
6.880000	0.049319
6.890000	0.049511
6.900000	0.049757
6.910000	0.050054
6.920000	0.050398
6.930000	0.050785
6.940000	0.051206
6.950000	0.051653
6.960000	0.052116
6.970000	0.052586
6.980000	0.053050
6.990000	0.053497
7.000000	0.053916
7.010000	0.054295
7.020000	0.054624
7.030000	0.054891
7.040000	0.055088
7.050000	0.055205
7.060000	0.055237
7.070000	0.055177
7.080000	0.055022
7.090000	0.054770
7.100000	0.054422
7.110000	0.053979
7.120000	0.053444
7.130000	0.052822
7.140000	0.052118
7.150000	0.051339
7.160000	0.050493
7.170000	0.049587
7.180000	0.048630
7.190000	0.047630
7.200000	0.046598
7.210000	0.045542
7.220000	0.044471
7.230000	0.043394
7.240000	0.042320
7.250000	0.041256
7.260000	0.040209
7.270000	0.039186
7.280000	0.038191
7.290000	0.037230
7.300000	0.036304
7.310000	0.035418
7.320000	0.034571
7.330000	0.033765
7.340000	0.033000
7.350000	0.032275
7.360000	0.031589
7.370000	0.030940
7.380000	0.030326
7.390000	0.029744
7.400000	0.029190
7.410000	0.028662
7.420000	0.028156
7.430000	0.027666
7.440000	0.027190
7.450000	0.026723
7.460000	0.026260
7.470000	0.025797
7.480000	0.025330
7.490000	0.024854
7.500000	0.024364
7.510000	0.023858
7.520000	0.023331
7.530000	0.022778
7.540000	0.022198
7.550000	0.021586
7.560000	0.020940
7.570000	0.020258
7.580000	0.019537
7.590000	0.018775
7.600000	0.017973
7.610000	0.017128
7.620000	0.016242
7.630000	0.015314
7.640000	0.014346
7.650000	0.013339
7.660000	0.012297
7.670000	0.011222
7.680000	0.010119
7.690000	0.008991
7.700000	0.007845
7.710000	0.006684
7.720000	0.005516
7.730000	0.004345
7.740000	0.003178
7.750000	0.002021
7.760000	0.000880
7.770000	-0.000241
7.780000	-0.001335
7.790000	-0.002398
7.800000	-0.003425
7.810000	-0.004412
7.820000	-0.005356
7.830000	-0.006256
7.840000	-0.007108
7.850000	-0.007913
7.860000	-0.008671
7.870000	-0.009384
7.880000	-0.010055
7.890000	-0.010686
7.900000	-0.011283
7.910000	-0.011849
7.920000	-0.012391
7.930000	-0.012914
7.940000	-0.013424
7.950000	-0.013928
7.960000	-0.014431
7.970000	-0.014940
7.980000	-0.015460
7.990000	-0.015998
8.000000	-0.016558
8.010000	-0.017145
8.020000	-0.017764
8.030000	-0.018416
8.040000	-0.019104
8.050000	-0.019830
8.060000	-0.020593
8.070000	-0.021392
8.080000	-0.022225
8.090000	-0.023089
8.100000	-0.023980
8.110000	-0.024893
8.120000	-0.025824
8.130000	-0.026766
8.140000	-0.027714
8.150000	-0.028662
8.160000	-0.029603
8.170000	-0.030531
8.180000	-0.031439
8.190000	-0.032323
8.200000	-0.033175
8.210000	-0.033992
8.220000	-0.034767
8.230000	-0.035498
8.240000	-0.036180
8.250000	-0.036812
8.260000	-0.037392
8.270000	-0.037920
8.280000	-0.038395
8.290000	-0.038819
8.300000	-0.039194
8.310000	-0.039521
8.320000	-0.039804
8.330000	-0.040046
8.340000	-0.040249
8.350000	-0.040419
8.360000	-0.040559
8.370000	-0.040673
8.380000	-0.040765
8.390000	-0.040840
8.400000	-0.040902
8.410000	-0.040953
8.420000	-0.040998
8.430000	-0.041040
8.440000	-0.041082
8.450000	-0.041125
8.460000	-0.041172
8.470000	-0.041224
8.480000	-0.041280
8.490000	-0.041343
8.500000	-0.041411
8.510000	-0.041484
8.520000	-0.041561
8.530000	-0.041642
8.540000	-0.041724
8.550000	-0.041806
8.560000	-0.041887
8.570000	-0.041964
8.580000	-0.042035
8.590000	-0.042098
8.600000	-0.042151
8.610000	-0.042192
8.620000	-0.042218
8.630000	-0.042227
8.640000	-0.042217
8.650000	-0.042186
8.660000	-0.042132
8.670000	-0.042052
8.680000	-0.041946
8.690000	-0.041812
8.700000	-0.041648
8.710000	-0.041454
8.720000	-0.041228
8.730000	-0.040970
8.740000	-0.040679
8.750000	-0.040354
8.760000	-0.039996
8.770000	-0.039605
8.780000	-0.039182
8.790000	-0.038726
8.800000	-0.038240
8.810000	-0.037724
8.820000	-0.037180
8.830000	-0.036610
8.840000	-0.036017
8.850000	-0.035403
8.860000	-0.034772
8.870000	-0.034125
8.880000	-0.033468
8.890000	-0.032802
8.900000	-0.032133
8.910000	-0.031463
8.920000	-0.030797
8.930000	-0.030137
8.940000	-0.029487
8.950000	-0.028851
8.960000	-0.028232
8.970000	-0.027632
8.980000	-0.027054
8.990000	-0.026501
9.000000	-0.025973
9.010000	-0.025473
9.020000	-0.025001
9.030000	-0.024557
9.040000	-0.024142
9.050000	-0.023753
9.060000	-0.023391
9.070000	-0.023052
9.080000	-0.022736
9.090000	-0.022438
9.100000	-0.022158
9.110000	-0.021890
9.120000	-0.021634
9.130000	-0.021385
9.140000	-0.021140
9.150000	-0.020896
9.160000	-0.020650
9.170000	-0.020400
9.180000	-0.020143
9.190000	-0.019877
9.200000	-0.019599
9.210000	-0.019308
9.220000	-0.019004
9.230000	-0.018686
9.240000	-0.018354
9.250000	-0.018008
9.260000	-0.017651
9.270000	-0.017282
9.280000	-0.016906
9.290000	-0.016522
9.300000	-0.016134
9.310000	-0.015745
9.320000	-0.015357
9.330000	-0.014972
9.340000	-0.014593
9.350000	-0.014224
9.360000	-0.013866
9.370000	-0.013522
9.380000	-0.013194
9.390000	-0.012883
9.400000	-0.012591
9.410000	-0.012318
9.420000	-0.012066
9.430000	-0.011835
9.440000	-0.011622
9.450000	-0.011429
9.460000	-0.011252
9.470000	-0.011091
9.480000	-0.010943
9.490000	-0.010806
9.500000	-0.010678
9.510000	-0.010557
9.520000	-0.010440
9.530000	-0.010324
9.540000	-0.010209
9.550000	-0.010091
9.560000	-0.009970
9.570000	-0.009844
9.580000	-0.009712
9.590000	-0.009574
9.600000	-0.009430
9.610000	-0.009281
9.620000	-0.009128
9.630000	-0.008973
9.640000	-0.008819
9.650000	-0.008670
9.660000	-0.008528
9.670000	-0.008397
9.680000	-0.008282
9.690000	-0.008185
9.700000	-0.008110
9.710000	-0.008059
9.720000	-0.008035
9.730000	-0.008040
9.740000	-0.008075
9.750000	-0.008139
9.760000	-0.008231
9.770000	-0.008350
9.780000	-0.008490
9.790000	-0.008648
9.800000	-0.008815
9.810000	-0.008984
9.820000	-0.009144
9.830000	-0.009283
9.840000	-0.009387
9.850000	-0.009441
9.860000	-0.009431
9.870000	-0.009342
9.880000	-0.009159
9.890000	-0.008869
9.900000	-0.008458
9.910000	-0.007915
9.920000	-0.007233
9.930000	-0.006403
9.940000	-0.005423
9.950000	-0.004293
9.960000	-0.003015
9.970000	-0.001598
9.980000	-0.000052
9.990000	0.001603
10.000000	0.003347
