0.000000
-14.664169
2.957184
3.171739
2.583247
1.933144
1.275965
0.803121
0.470706
0.259645
0.116167
0.132915
0.199207
0.250896
0.268403
0.352899
0.493735
0.418096
0.425519
0.411397
0.547990
0.435339
0.526087
0.449219
0.516787
0.491666
0.452207
0.418914
0.361230
0.347271
0.319871
0.336315
0.368149
0.352104
0.326607
0.322592
0.290511
0.250752
0.220708
0.190599
0.109656
0.141311
0.080221
0.093272
0.052529
0.051971
0.048312
0.042939
0.043216
0.029440
0.064786
0.049359
0.063228
0.073620
0.080422
0.074342
0.067434
0.085168
0.061277
0.079805
0.060435
0.044602
0.062488
0.034480
0.048565
0.007428
0.032537
0.001429
-0.014864
-0.017174
0.000685
-0.044102
-0.023012
-0.052330
-0.052924
-0.061364
-0.067962
-0.066476
-0.083801
-0.075059
-0.099457
-0.104184
-0.102779
-0.090070
-0.100526
-0.126367
-0.092413
-0.126395
-0.111245
-0.131793
-0.090551
-0.164151
-0.122071
-0.140414
-0.144857
-0.134585
-0.189101
-0.105721
-0.206000
-0.144148
