2.300000	466.451838
2.310000	373.505423
2.320000	294.602590
2.330000	228.536410
2.340000	174.099958
2.350000	130.086306
2.360000	95.288527
2.370000	68.499695
2.380000	48.512882
2.390000	34.121162
2.400000	24.117608
2.410000	17.295293
2.420000	12.447290
2.430000	8.535208
2.440000	5.282706
2.450000	2.628723
2.460000	0.512210
2.470000	-1.127880
2.480000	-2.352595
2.490000	-3.222983
2.500000	-3.800092
2.510000	-4.144970
2.520000	-4.318666
2.530000	-4.382226
2.540000	-4.396699
2.550000	-4.414956
2.560000	-4.448043
2.570000	-4.493668
2.580000	-4.549535
2.590000	-4.613347
2.600000	-4.682807
2.610000	-4.755619
2.620000	-4.829487
2.630000	-4.902113
2.640000	-4.971200
2.650000	-5.034453
2.660000	-5.089574
2.670000	-5.134542
2.680000	-5.168933
2.690000	-5.192896
2.700000	-5.206580
2.710000	-5.210137
2.720000	-5.203716
2.730000	-5.187467
2.740000	-5.161539
2.750000	-5.126083
2.760000	-5.081249
2.770000	-5.027187
2.780000	-4.964046
2.790000	-4.892108
2.800000	-4.812519
2.810000	-4.726770
2.820000	-4.636358
2.830000	-4.542777
2.840000	-4.447522
2.850000	-4.352087
2.860000	-4.257968
2.870000	-4.166658
2.880000	-4.079653
2.890000	-3.998448
2.900000	-3.924536
2.910000	-3.859156
2.920000	-3.801615
2.930000	-3.750345
2.940000	-3.703776
2.950000	-3.660336
2.960000	-3.618452
2.970000	-3.576555
2.980000	-3.533072
2.990000	-3.486432
3.000000	-3.435064
3.010000	-3.377395
3.020000	-3.311855
3.030000	-3.237106
3.040000	-3.153803
3.050000	-3.063616
3.060000	-2.968221
3.070000	-2.869297
3.080000	-2.768520
3.090000	-2.667567
3.100000	-2.568115
3.110000	-2.471842
3.120000	-2.380424
3.130000	-2.295539
3.140000	-2.218864
3.150000	-2.151941
3.160000	-2.094997
3.170000	-2.047509
3.180000	-2.008945
3.190000	-1.978776
3.200000	-1.956470
3.210000	-1.941496
3.220000	-1.933323
3.230000	-1.931420
3.240000	-1.935257
3.250000	-1.944302
3.260000	-1.958025
3.270000	-1.975884
3.280000	-1.997226
3.290000	-2.021325
3.300000	-2.047453
3.310000	-2.074884
3.320000	-2.102890
3.330000	-2.130746
3.340000	-2.157723
3.350000	-2.183096
3.360000	-2.206136
3.370000	-2.226117
3.380000	-2.242313
3.390000	-2.254018
3.400000	-2.260833
3.410000	-2.262572
3.420000	-2.259053
3.430000	-2.250094
3.440000	-2.235515
3.450000	-2.215133
3.460000	-2.188767
3.470000	-2.156236
3.480000	-2.117358
3.490000	-2.071952
3.500000	-2.019835
3.510000	-1.960905
3.520000	-1.896264
3.530000	-1.827964
3.540000	-1.758082
3.550000	-1.688696
3.560000	-1.621881
3.570000	-1.559715
3.580000	-1.504276
3.590000	-1.457641
3.600000	-1.421886
3.610000	-1.399089
3.620000	-1.391327
3.630000	-1.400538
3.640000	-1.426108
3.650000	-1.465190
3.660000	-1.514865
3.670000	-1.572209
3.680000	-1.634301
3.690000	-1.698220
3.700000	-1.761043
3.710000	-1.819850
3.720000	-1.871718
3.730000	-1.913725
3.740000	-1.942951
3.750000	-1.956594
3.760000	-1.954475
3.770000	-1.938975
3.780000	-1.912579
3.790000	-1.877771
3.800000	-1.837037
3.810000	-1.792862
3.820000	-1.747730
3.830000	-1.704128
3.840000	-1.664540
3.850000	-1.631451
3.860000	-1.607347
3.870000	-1.594635
3.880000	-1.593671
3.890000	-1.602587
3.900000	-1.619404
3.910000	-1.642142
3.920000	-1.668822
3.930000	-1.697466
3.940000	-1.726094
3.950000	-1.752727
3.960000	-1.775386
3.970000	-1.792092
3.980000	-1.800865
3.990000	-1.799774
4.000000	-1.788491
4.010000	-1.768614
4.020000	-1.741856
4.030000	-1.709932
4.040000	-1.674556
4.050000	-1.637442
4.060000	-1.600303
4.070000	-1.564854
4.080000	-1.532808
4.090000	-1.505880
4.100000	-1.485783
4.110000	-1.474200
4.120000	-1.471479
4.130000	-1.476178
4.140000	-1.486731
4.150000	-1.501572
4.160000	-1.519134
4.170000	-1.537851
4.180000	-1.556155
4.190000	-1.572480
4.200000	-1.585260
4.210000	-1.592928
4.220000	-1.593918
4.230000	-1.586683
4.240000	-1.570799
4.250000	-1.547517
4.260000	-1.518227
4.270000	-1.484316
4.280000	-1.447174
4.290000	-1.408189
4.300000	-1.368751
4.310000	-1.330248
4.320000	-1.294068
4.330000	-1.261600
4.340000	-1.234234
4.350000	-1.213345
4.360000	-1.199320
4.370000	-1.190903
4.380000	-1.186681
4.390000	-1.185241
4.400000	-1.185170
4.410000	-1.185054
4.420000	-1.183482
4.430000	-1.179039
4.440000	-1.170312
4.450000	-1.155890
4.460000	-1.134357
4.470000	-1.104312
4.480000	-1.065308
4.490000	-1.018688
4.500000	-0.965989
4.510000	-0.908746
4.520000	-0.848496
4.530000	-0.786776
4.540000	-0.725122
4.550000	-0.665071
4.560000	-0.608159
4.570000	-0.555924
4.580000	-0.509901
4.590000	-0.471622
4.600000	-0.441812
4.610000	-0.419519
4.620000	-0.403577
4.630000	-0.392825
4.640000	-0.386098
4.650000	-0.382233
4.660000	-0.380065
4.670000	-0.378433
4.680000	-0.376172
4.690000	-0.372119
4.700000	-0.365109
4.710000	-0.353982
4.720000	-0.338083
4.730000	-0.317938
4.740000	-0.294244
4.750000	-0.267697
4.760000	-0.238993
4.770000	-0.208829
4.780000	-0.177900
4.790000	-0.146902
4.800000	-0.116533
4.810000	-0.087487
4.820000	-0.060462
4.830000	-0.036152
4.840000	-0.015004
4.850000	0.003191
4.860000	0.018748
4.870000	0.031981
4.880000	0.043205
4.890000	0.052735
4.900000	0.060886
4.910000	0.067973
4.920000	0.074310
4.930000	0.080211
4.940000	0.085993
4.950000	0.091970
4.960000	0.098334
4.970000	0.104925
4.980000	0.111514
4.990000	0.117873
5.000000	0.123773
5.010000	0.128987
5.020000	0.133287
5.030000	0.136445
5.040000	0.138232
5.050000	0.138420
5.060000	0.136783
5.070000	0.133090
5.080000	0.127227
5.090000	0.119450
5.100000	0.110096
5.110000	0.099497
5.120000	0.087991
5.130000	0.075910
5.140000	0.063591
5.150000	0.051368
5.160000	0.039577
5.170000	0.028551
5.180000	0.018626
5.190000	0.010138
5.200000	0.003337
5.210000	-0.001833
5.220000	-0.005503
5.230000	-0.007805
5.240000	-0.008868
5.250000	-0.008825
5.260000	-0.007806
5.270000	-0.005941
5.280000	-0.003362
5.290000	-0.000200
5.300000	0.003416
5.310000	0.007353
5.320000	0.011484
5.330000	0.015693
5.340000	0.019868
5.350000	0.023898
5.360000	0.027669
5.370000	0.031070
5.380000	0.033989
5.390000	0.036313
5.400000	0.037930
5.410000	0.038728
5.420000	0.038594
5.430000	0.037418
5.440000	0.035123
5.450000	0.031815
5.460000	0.027655
5.470000	0.022800
5.480000	0.017411
5.490000	0.011647
5.500000	0.005667
5.510000	-0.000369
5.520000	-0.006301
5.530000	-0.011970
5.540000	-0.017218
5.550000	-0.021883
5.560000	-0.025837
5.570000	-0.029107
5.580000	-0.031776
5.590000	-0.033927
5.600000	-0.035642
5.610000	-0.037005
5.620000	-0.038096
5.630000	-0.038999
5.640000	-0.039797
5.650000	-0.040571
5.660000	-0.041405
5.670000	-0.042381
5.680000	-0.043555
5.690000	-0.044826
5.700000	-0.046029
5.710000	-0.047000
5.720000	-0.047576
5.730000	-0.047594
5.740000	-0.046889
5.750000	-0.045298
5.760000	-0.042658
5.770000	-0.038804
5.780000	-0.033573
5.790000	-0.026802
5.800000	-0.018377
5.810000	-0.008540
5.820000	0.002313
5.830000	0.013788
5.840000	0.025489
5.850000	0.037021
5.860000	0.047990
5.870000	0.057999
5.880000	0.066654
5.890000	0.073560
5.900000	0.078321
5.910000	0.080543
5.920000	0.079904
5.930000	0.076674
5.940000	0.071408
5.950000	0.064662
5.960000	0.056991
5.970000	0.048952
5.980000	0.041101
5.990000	0.033994
6.000000	0.028186
6.010000	0.024234
6.020000	0.022693
6.030000	0.024120
6.040000	0.029006
6.050000	0.037244
6.060000	0.048408
6.070000	0.062066
6.080000	0.077790
6.090000	0.095149
6.100000	0.113714
6.110000	0.133054
6.120000	0.152738
6.130000	0.172339
6.140000	0.191424
6.150000	0.209564
6.160000	0.226358
6.170000	0.241698
6.180000	0.255656
6.190000	0.268304
6.200000	0.279715
6.210000	0.289962
6.220000	0.299119
6.230000	0.307258
6.240000	0.314452
6.250000	0.320774
6.260000	0.326298
6.270000	0.331097
6.280000	0.335235
6.290000	0.338687
6.300000	0.341366
6.310000	0.343183
6.320000	0.344050
6.330000	0.343880
6.340000	0.342582
6.350000	0.340070
6.360000	0.336255
6.370000	0.331048
6.380000	0.324362
6.390000	0.316107
6.400000	0.306214
6.410000	0.294870
6.420000	0.282456
6.430000	0.269354
6.440000	0.255950
6.450000	0.242628
6.460000	0.229772
6.470000	0.217767
6.480000	0.206996
6.490000	0.197844
6.500000	0.190695
6.510000	0.185934
6.520000	0.183914
6.530000	0.184478
6.540000	0.187044
6.550000	0.191016
6.560000	0.195800
6.570000	0.200801
6.580000	0.205423
6.590000	0.209072
6.600000	0.211153
6.610000	0.211071
6.620000	0.208231
6.630000	0.202038
6.640000	0.191932
6.650000	0.178058
6.660000	0.161210
6.670000	0.142208
6.680000	0.121871
6.690000	0.101018
6.700000	0.080469
6.710000	0.061041
6.720000	0.043555
6.730000	0.028830
6.740000	0.017684
6.750000	0.010938
6.760000	0.009374
6.770000	0.012945
6.780000	0.020741
6.790000	0.031817
6.800000	0.045226
6.810000	0.060021
6.820000	0.075255
6.830000	0.089984
6.840000	0.103259
6.850000	0.114134
6.860000	0.121664
6.870000	0.124900
6.880000	0.122924
6.890000	0.115612
6.900000	0.103746
6.910000	0.088160
6.920000	0.069688
6.930000	0.049162
6.940000	0.027417
6.950000	0.005286
6.960000	-0.016399
6.970000	-0.036803
6.980000	-0.055093
6.990000	-0.070436
7.000000	-0.082013
7.010000	-0.089584
7.020000	-0.093638
7.030000	-0.094713
7.040000	-0.093345
7.050000	-0.090072
7.060000	-0.085433
7.070000	-0.079963
7.080000	-0.074201
7.090000	-0.068684
7.100000	-0.063950
7.110000	-0.060536
7.120000	-0.058972
7.130000	-0.059484
7.140000	-0.061858
7.150000	-0.065851
7.160000	-0.071219
7.170000	-0.077716
7.180000	-0.085099
7.190000	-0.093124
7.200000	-0.101544
7.210000	-0.110118
7.220000	-0.118599
7.230000	-0.126743
7.240000	-0.134308
7.250000	-0.141180
7.260000	-0.147445
7.270000	-0.153207
7.280000	-0.158571
7.290000	-0.163642
7.300000	-0.168523
7.310000	-0.173320
7.320000	-0.178136
7.330000	-0.183076
7.340000	-0.188245
7.350000	-0.193748
7.360000	-0.199686
7.370000	-0.206019
7.380000	-0.212457
7.390000	-0.218681
7.400000	-0.224375
7.410000	-0.229219
7.420000	-0.232898
7.430000	-0.235093
7.440000	-0.235487
7.450000	-0.233763
7.460000	-0.229602
7.470000	-0.222689
7.480000	-0.212706
7.490000	-0.199663
7.500000	-0.184201
7.510000	-0.167036
7.520000	-0.148885
7.530000	-0.130465
7.540000	-0.112491
7.550000	-0.095681
7.560000	-0.080750
7.570000	-0.068416
7.580000	-0.059394
7.590000	-0.054400
7.600000	-0.054150
7.610000	-0.058913
7.620000	-0.067979
7.630000	-0.080509
7.640000	-0.095661
7.650000	-0.112596
7.660000	-0.130472
7.670000	-0.148451
7.680000	-0.165690
7.690000	-0.181350
7.700000	-0.194591
7.710000	-0.204571
7.720000	-0.210453
7.730000	-0.211766
7.740000	-0.208958
7.750000	-0.202619
7.760000	-0.193334
7.770000	-0.181692
7.780000	-0.168280
7.790000	-0.153685
7.800000	-0.138496
7.810000	-0.123299
7.820000	-0.108683
7.830000	-0.095235
7.840000	-0.083541
7.850000	-0.074031
7.860000	-0.066684
7.870000	-0.061406
7.880000	-0.058102
7.890000	-0.056676
7.900000	-0.057033
7.910000	-0.059077
7.920000	-0.062714
7.930000	-0.067848
7.940000	-0.074383
7.950000	-0.082226
7.960000	-0.091279
7.970000	-0.101410
7.980000	-0.112366
7.990000	-0.123871
8.000000	-0.135648
8.010000	-0.147421
8.020000	-0.158914
8.030000	-0.169851
8.040000	-0.179955
8.050000	-0.188950
8.060000	-0.196560
8.070000	-0.202509
8.080000	-0.206519
8.090000	-0.208421
8.100000	-0.208414
8.110000	-0.206781
8.120000	-0.203803
8.130000	-0.199764
8.140000	-0.194945
8.150000	-0.189629
8.160000	-0.184098
8.170000	-0.178634
8.180000	-0.173520
8.190000	-0.169038
8.200000	-0.165471
8.210000	-0.162996
8.220000	-0.161372
8.230000	-0.160254
8.240000	-0.159297
8.250000	-0.158155
8.260000	-0.156483
8.270000	-0.153935
8.280000	-0.150166
8.290000	-0.144830
8.300000	-0.137583
8.310000	-0.128079
8.320000	-0.115971
8.330000	-0.101061
8.340000	-0.083798
8.350000	-0.064821
8.360000	-0.044764
8.370000	-0.024266
8.380000	-0.003961
8.390000	0.015513
8.400000	0.033520
8.410000	0.049423
8.420000	0.062587
8.430000	0.072374
8.440000	0.078148
8.450000	0.079434
8.460000	0.076577
8.470000	0.070188
8.480000	0.060873
8.490000	0.049243
8.500000	0.035906
8.510000	0.021470
8.520000	0.006545
8.530000	-0.008261
8.540000	-0.022339
8.550000	-0.035081
8.560000	-0.045877
8.570000	-0.054210
8.580000	-0.060092
8.590000	-0.063728
8.600000	-0.065319
8.610000	-0.065068
8.620000	-0.063180
8.630000	-0.059857
8.640000	-0.055303
8.650000	-0.049719
8.660000	-0.043310
8.670000	-0.036279
8.680000	-0.028829
8.690000	-0.021163
8.700000	-0.013491
8.710000	-0.006023
8.720000	0.001030
8.730000	0.007458
8.740000	0.013049
8.750000	0.017594
8.760000	0.020880
8.770000	0.022699
8.780000	0.022838
8.790000	0.021088
8.800000	0.017237
8.810000	0.011130
8.820000	0.003028
8.830000	-0.006621
8.840000	-0.017366
8.850000	-0.028759
8.860000	-0.040349
8.870000	-0.051686
8.880000	-0.062322
8.890000	-0.071805
8.900000	-0.079687
8.910000	-0.085518
8.920000	-0.088847
8.930000	-0.089299
8.940000	-0.087122
8.950000	-0.082882
8.960000	-0.077148
8.970000	-0.070488
8.980000	-0.063472
8.990000	-0.056669
9.000000	-0.050646
9.010000	-0.045972
9.020000	-0.043217
9.030000	-0.042949
9.040000	-0.045737
9.050000	-0.052070
9.060000	-0.061653
9.070000	-0.073747
9.080000	-0.087609
9.090000	-0.102494
9.100000	-0.117659
9.110000	-0.132359
9.120000	-0.145851
9.130000	-0.157389
9.140000	-0.166232
9.150000	-0.171633
9.160000	-0.172849
9.170000	-0.169210
9.180000	-0.160881
9.190000	-0.148552
9.200000	-0.132927
9.210000	-0.114706
9.220000	-0.094591
9.230000	-0.073283
9.240000	-0.051482
9.250000	-0.029891
9.260000	-0.009210
9.270000	0.009858
9.280000	0.026614
9.290000	0.040393
9.300000	0.051037
9.310000	0.058740
9.320000	0.063706
9.330000	0.066138
9.340000	0.066239
9.350000	0.064212
9.360000	0.060260
9.370000	0.054587
9.380000	0.047395
9.390000	0.038888
9.400000	0.029269
9.410000	0.018743
9.420000	0.007555
9.430000	-0.004020
9.440000	-0.015707
9.450000	-0.027228
9.460000	-0.038310
9.470000	-0.048675
9.480000	-0.058049
9.490000	-0.066154
9.500000	-0.072716
9.510000	-0.077458
9.520000	-0.080105
9.530000	-0.080399
9.540000	-0.078422
9.550000	-0.074552
9.560000	-0.069176
9.570000	-0.062682
9.580000	-0.055458
9.590000	-0.047892
9.600000	-0.040372
9.610000	-0.033285
9.620000	-0.027020
9.630000	-0.021964
9.640000	-0.018505
9.650000	-0.017014
9.660000	-0.017480
9.670000	-0.019521
9.680000	-0.022742
9.690000	-0.026746
9.700000	-0.031136
9.710000	-0.035516
9.720000	-0.039489
9.730000	-0.042659
9.740000	-0.044628
9.750000	-0.045001
9.760000	-0.043381
9.770000	-0.039385
9.780000	-0.033036
9.790000	-0.024787
9.800000	-0.015116
9.810000	-0.004500
9.820000	0.006583
9.830000	0.017658
9.840000	0.028246
9.850000	0.037871
9.860000	0.046055
9.870000	0.052322
9.880000	0.056194
9.890000	0.057207
9.900000	0.055296
9.910000	0.050882
9.920000	0.044413
9.930000	0.036339
9.940000	0.027108
9.950000	0.017168
9.960000	0.006969
9.970000	-0.003041
9.980000	-0.012412
9.990000	-0.020697
10.000000	-0.027447
10.010000	-0.032219
10.020000	-0.034872
10.030000	-0.035666
10.040000	-0.034888
10.050000	-0.032826
10.060000	-0.029768
10.070000	-0.026002
10.080000	-0.021816
10.090000	-0.017498
10.100000	-0.013335
10.110000	-0.009616
10.120000	-0.006628
10.130000	-0.004656
10.140000	-0.003786
10.150000	-0.003810
10.160000	-0.004496
10.170000	-0.005613
10.180000	-0.006926
10.190000	-0.008205
10.200000	-0.009217
10.210000	-0.009730
10.220000	-0.009512
10.230000	-0.008329
10.240000	-0.005951
10.250000	-0.002146
10.260000	0.003148
10.270000	0.009720
10.280000	0.017329
10.290000	0.025738
10.300000	0.034706
10.310000	0.043995
10.320000	0.053365
10.330000	0.062578
10.340000	0.071394
10.350000	0.079574
10.360000	0.086879
10.370000	0.093071
10.380000	0.098033
10.390000	0.101876
10.400000	0.104732
10.410000	0.106736
10.420000	0.108023
10.430000	0.108725
10.440000	0.108978
10.450000	0.108915
10.460000	0.108671
10.470000	0.108379
10.480000	0.108174
10.490000	0.108188
10.500000	0.108456
10.510000	0.108800
10.520000	0.109016
10.530000	0.108902
10.540000	0.108255
10.550000	0.106872
10.560000	0.104549
10.570000	0.101084
10.580000	0.096273
10.590000	0.089914
10.600000	0.081802
10.610000	0.071737
10.620000	0.059694
10.630000	0.046066
10.640000	0.031308
10.650000	0.015872
10.660000	0.000212
10.670000	-0.015218
10.680000	-0.029967
10.690000	-0.043579
10.700000	-0.055603
10.710000	-0.065585
10.720000	-0.073070
10.730000	-0.077608
10.740000	-0.078949
10.750000	-0.077387
10.760000	-0.073299
10.770000	-0.067065
10.780000	-0.059065
10.790000	-0.049677
10.800000	-0.039280
10.810000	-0.028254
10.820000	-0.016977
10.830000	-0.005829
10.840000	0.004812
10.850000	0.014565
10.860000	0.023160
10.870000	0.030636
10.880000	0.037095
10.890000	0.042635
10.900000	0.047355
10.910000	0.051357
10.920000	0.054738
10.930000	0.057599
10.940000	0.060039
10.950000	0.062158
10.960000	0.064054
10.970000	0.065829
10.980000	0.067522
10.990000	0.068981
11.000000	0.070012
11.010000	0.070422
11.020000	0.070017
11.030000	0.068605
11.040000	0.065991
11.050000	0.061982
11.060000	0.056385
11.070000	0.049006
11.080000	0.039652
11.090000	0.028129
11.100000	0.014401
11.110000	-0.000980
11.120000	-0.017320
11.130000	-0.033929
11.140000	-0.050115
11.150000	-0.065185
11.160000	-0.078448
11.170000	-0.089212
11.180000	-0.096785
11.190000	-0.100475
11.200000	-0.099591
11.210000	-0.093440
11.220000	-0.081607
11.230000	-0.064853
11.240000	-0.044253
11.250000	-0.020879
11.260000	0.004194
11.270000	0.029893
11.280000	0.055143
11.290000	0.078872
11.300000	0.100005
11.310000	0.117469
11.320000	0.130189
11.330000	0.137093
11.340000	0.137394
11.350000	0.131696
11.360000	0.121018
11.370000	0.106379
11.380000	0.088797
11.390000	0.069293
11.400000	0.048886
11.410000	0.028595
11.420000	0.009439
11.430000	-0.007563
11.440000	-0.021392
11.450000	-0.031027
11.460000	-0.035675
11.470000	-0.035763
11.480000	-0.032134
11.490000	-0.025628
11.500000	-0.017089
11.510000	-0.007359
11.520000	0.002721
11.530000	0.012308
11.540000	0.020561
11.550000	0.026636
11.560000	0.029693
11.570000	0.028888
11.580000	0.023546
11.590000	0.014014
11.600000	0.001028
11.610000	-0.014673
11.620000	-0.032352
11.630000	-0.051271
11.640000	-0.070692
11.650000	-0.089877
11.660000	-0.108090
11.670000	-0.124591
11.680000	-0.138643
11.690000	-0.149509
11.700000	-0.156545
11.710000	-0.159779
11.720000	-0.159524
11.730000	-0.156094
11.740000	-0.149802
11.750000	-0.140963
11.760000	-0.129891
11.770000	-0.116901
11.780000	-0.102306
11.790000	-0.086420
11.800000	-0.069558
11.810000	-0.052033
11.820000	-0.034171
11.830000	-0.016375
11.840000	0.000909
11.850000	0.017237
11.860000	0.032164
11.870000	0.045247
11.880000	0.056041
11.890000	0.064100
11.900000	0.068982
11.910000	0.070241
11.920000	0.067433
11.930000	0.060114
11.940000	0.047924
11.950000	0.031296
11.960000	0.011084
11.970000	-0.011854
11.980000	-0.036658
11.990000	-0.062470
12.000000	-0.088430
12.010000	-0.113680
12.020000	-0.137362
12.030000	-0.158615
12.040000	-0.176582
12.050000	-0.190404
12.060000	-0.199302
12.070000	-0.203349
12.080000	-0.203128
12.090000	-0.199228
12.100000	-0.192239
12.110000	-0.182751
12.120000	-0.171354
12.130000	-0.158636
12.140000	-0.145188
12.150000	-0.131599
12.160000	-0.118460
12.170000	-0.106359
12.180000	-0.095844
12.190000	-0.086943
12.200000	-0.079333
12.210000	-0.072689
12.220000	-0.066683
12.230000	-0.060988
12.240000	-0.055277
12.250000	-0.049223
12.260000	-0.042499
12.270000	-0.034778
12.280000	-0.025733
12.290000	-0.015037
12.300000	-0.002397
12.310000	0.011984
12.320000	0.027534
12.330000	0.043673
12.340000	0.059822
12.350000	0.075399
12.360000	0.089824
12.370000	0.102517
12.380000	0.112897
12.390000	0.120385
12.400000	0.124400
12.410000	0.124362
12.420000	0.119731
12.430000	0.110673
12.440000	0.097931
12.450000	0.082271
12.460000	0.064454
12.470000	0.045245
12.480000	0.025407
12.490000	0.005704
12.500000	-0.013102
12.510000	-0.030246
12.520000	-0.044966
12.530000	-0.056498
12.540000	-0.064113
12.550000	-0.067770
12.560000	-0.068064
12.570000	-0.065615
12.580000	-0.061040
12.590000	-0.054959
12.600000	-0.047991
12.610000	-0.040754
12.620000	-0.033867
12.630000	-0.027949
12.640000	-0.023618
12.650000	-0.021495
12.660000	-0.022173
12.670000	-0.025685
12.680000	-0.031483
12.690000	-0.038995
12.700000	-0.047646
12.710000	-0.056863
12.720000	-0.066072
12.730000	-0.074700
12.740000	-0.082173
12.750000	-0.087918
12.760000	-0.091361
12.770000	-0.091929
12.780000	-0.089065
12.790000	-0.082724
12.800000	-0.073445
12.810000	-0.061799
12.820000	-0.048357
12.830000	-0.033690
12.840000	-0.018368
12.850000	-0.002963
12.860000	0.011955
12.870000	0.025815
12.880000	0.038046
12.890000	0.048076
12.900000	0.055347
12.910000	0.059686
12.920000	0.061416
12.930000	0.060894
12.940000	0.058473
12.950000	0.054509
12.960000	0.049358
12.970000	0.043374
12.980000	0.036913
12.990000	0.030330
13.000000	0.023980
13.010000	0.018218
13.020000	0.013396
13.030000	0.009695
13.040000	0.007050
13.050000	0.005382
13.060000	0.004610
13.070000	0.004651
13.080000	0.005426
13.090000	0.006853
13.100000	0.008852
13.110000	0.011340
13.120000	0.014237
13.130000	0.017463
13.140000	0.020935
13.150000	0.024540
13.160000	0.028113
13.170000	0.031485
13.180000	0.034487
13.190000	0.036950
13.200000	0.038706
13.210000	0.039584
13.220000	0.039416
13.230000	0.038033
13.240000	0.035266
13.250000	0.030946
13.260000	0.024906
13.270000	0.017186
13.280000	0.008192
13.290000	-0.001635
13.300000	-0.011853
13.310000	-0.022019
13.320000	-0.031693
13.330000	-0.040431
13.340000	-0.047791
13.350000	-0.053333
13.360000	-0.056613
13.370000	-0.057190
13.380000	-0.054624
13.390000	-0.048796
13.400000	-0.040217
13.410000	-0.029473
13.420000	-0.017148
13.430000	-0.003828
13.440000	0.009903
13.450000	0.023460
13.460000	0.036257
13.470000	0.047709
13.480000	0.057232
13.490000	0.064241
13.500000	0.068151
13.510000	0.068711
13.520000	0.066398
13.530000	0.061787
13.540000	0.055453
13.550000	0.047969
13.560000	0.039912
13.570000	0.031856
13.580000	0.024376
13.590000	0.018047
13.600000	0.013444
13.610000	0.011140
13.620000	0.011712
13.630000	0.015400
13.640000	0.021630
13.650000	0.029701
13.660000	0.038913
13.670000	0.048565
13.680000	0.057957
13.690000	0.066388
13.700000	0.073158
13.710000	0.077567
13.720000	0.078913
13.730000	0.076498
13.740000	0.069620
13.750000	0.058007
13.760000	0.042569
13.770000	0.024424
13.780000	0.004689
13.790000	-0.015520
13.800000	-0.035086
13.810000	-0.052892
13.820000	-0.067822
13.830000	-0.078759
13.840000	-0.084586
13.850000	-0.084187
13.860000	-0.076445
13.870000	-0.060800
13.880000	-0.038436
13.890000	-0.010881
13.900000	0.020340
13.910000	0.053701
13.920000	0.087676
13.930000	0.120738
13.940000	0.151361
13.950000	0.178020
13.960000	0.199188
13.970000	0.213339
13.980000	0.218947
13.990000	0.215083
14.000000	0.202932
14.010000	0.184148
14.020000	0.160384
14.030000	0.133291
14.040000	0.104524
14.050000	0.075735
14.060000	0.048577
14.070000	0.024703
14.080000	0.005765
14.090000	-0.006583
14.100000	-0.010688
14.110000	-0.005454
14.120000	0.007987
14.130000	0.027947
14.140000	0.052738
14.150000	0.080672
14.160000	0.110060
14.170000	0.139215
14.180000	0.166448
14.190000	0.190071
14.200000	0.208396
14.210000	0.219734
14.220000	0.222398
14.230000	0.215209
14.240000	0.199296
14.250000	0.176437
14.260000	0.148412
14.270000	0.117002
14.280000	0.083984
14.290000	0.051139
14.300000	0.020247
14.310000	-0.006914
14.320000	-0.028563
14.330000	-0.042921
14.340000	-0.048209
14.350000	-0.043112
14.360000	-0.028694
14.370000	-0.006778
14.380000	0.020814
14.390000	0.052259
14.400000	0.085733
14.410000	0.119415
14.420000	0.151480
14.430000	0.180108
14.440000	0.203473
14.450000	0.219755
14.460000	0.227129
14.470000	0.224154
14.480000	0.211589
14.490000	0.190986
14.500000	0.163896
14.510000	0.131873
14.520000	0.096469
14.530000	0.059236
14.540000	0.021726
14.550000	-0.014507
14.560000	-0.047913
14.570000	-0.076937
14.580000	-0.100029
14.590000	-0.115866
14.600000	-0.124649
14.610000	-0.127192
14.620000	-0.124310
14.630000	-0.116821
14.640000	-0.105539
14.650000	-0.091280
14.660000	-0.074861
14.670000	-0.057098
14.680000	-0.038806
14.690000	-0.020802
14.700000	-0.003901
14.710000	0.011168
14.720000	0.024330
14.730000	0.035808
14.740000	0.045826
14.750000	0.054607
14.760000	0.062376
14.770000	0.069356
14.780000	0.075770
14.790000	0.081842
14.800000	0.087797
14.810000	0.093858
14.820000	0.100249
14.830000	0.107154
14.840000	0.114418
14.850000	0.121714
14.860000	0.128715
14.870000	0.135093
14.880000	0.140519
14.890000	0.144666
14.900000	0.147206
14.910000	0.147809
14.920000	0.146150
14.930000	0.141898
14.940000	0.134728
14.950000	0.124369
14.960000	0.111140
14.970000	0.095693
14.980000	0.078680
14.990000	0.060758
15.000000	0.042580
15.010000	0.024801
15.020000	0.008076
15.030000	-0.006940
15.040000	-0.019594
15.050000	-0.029230
15.060000	-0.035195
15.070000	-0.036901
15.080000	-0.034544
15.090000	-0.028813
15.100000	-0.020403
15.110000	-0.010011
15.120000	0.001666
15.130000	0.013932
15.140000	0.026090
15.150000	0.037444
15.160000	0.047297
15.170000	0.054953
15.180000	0.059715
15.190000	0.060943
15.200000	0.058740
15.210000	0.053731
15.220000	0.046555
15.230000	0.037848
15.240000	0.028249
15.250000	0.018394
15.260000	0.008923
15.270000	0.000470
15.280000	-0.006324
15.290000	-0.010824
15.300000	-0.012391
15.310000	-0.010431
15.320000	-0.005013
15.330000	0.003275
15.340000	0.013829
15.350000	0.026045
15.360000	0.039319
15.370000	0.053049
15.380000	0.066629
15.390000	0.079457
15.400000	0.090929
15.410000	0.100442
15.420000	0.107391
15.430000	0.111205
15.440000	0.111902
15.450000	0.110011
15.460000	0.106081
15.470000	0.100662
15.480000	0.094300
15.490000	0.087546
15.500000	0.080946
15.510000	0.075051
15.520000	0.070407
15.530000	0.067565
15.540000	0.067071
15.550000	0.069449
15.560000	0.074630
15.570000	0.081975
15.580000	0.090821
15.590000	0.100503
15.600000	0.110358
15.610000	0.119722
15.620000	0.127932
15.630000	0.134323
15.640000	0.138232
15.650000	0.138995
15.660000	0.135948
15.670000	0.128456
15.680000	0.116604
15.690000	0.101262
15.700000	0.083339
15.710000	0.063744
15.720000	0.043386
15.730000	0.023174
15.740000	0.004017
15.750000	-0.013176
15.760000	-0.027497
15.770000	-0.038036
15.780000	-0.043885
15.790000	-0.044158
15.800000	-0.038786
15.810000	-0.028675
15.820000	-0.014792
15.830000	0.001895
15.840000	0.020421
15.850000	0.039819
15.860000	0.059123
15.870000	0.077366
15.880000	0.093581
15.890000	0.106802
15.900000	0.116063
15.910000	0.120414
15.920000	0.119623
15.930000	0.114425
15.940000	0.105619
15.950000	0.094006
15.960000	0.080385
15.970000	0.065558
15.980000	0.050325
15.990000	0.035486
16.000000	0.021841
16.010000	0.010191
16.020000	0.001336
16.030000	-0.003933
16.040000	-0.005333
16.050000	-0.003343
16.060000	0.001497
16.070000	0.008647
16.080000	0.017566
16.090000	0.027714
16.100000	0.038551
16.110000	0.049537
16.120000	0.060130
16.130000	0.069791
16.140000	0.077980
16.150000	0.084160
16.160000	0.088110
16.170000	0.090137
16.180000	0.090594
16.190000	0.089838
16.200000	0.088223
16.210000	0.086104
16.220000	0.083838
16.230000	0.081777
16.240000	0.080279
16.250000	0.079698
16.260000	0.080388
16.270000	0.082704
16.280000	0.086753
16.290000	0.092188
16.300000	0.098614
16.310000	0.105633
16.320000	0.112850
16.330000	0.119867
16.340000	0.126289
16.350000	0.131719
16.360000	0.135761
16.370000	0.138017
16.380000	0.138093
16.390000	0.135593
16.400000	0.130371
16.410000	0.122802
16.420000	0.113325
16.430000	0.102380
16.440000	0.090406
16.450000	0.077842
16.460000	0.065128
16.470000	0.052703
16.480000	0.041007
16.490000	0.030478
16.500000	0.021557
16.510000	0.014682
16.520000	0.010118
16.530000	0.007727
16.540000	0.007313
16.550000	0.008680
16.560000	0.011631
16.570000	0.015971
16.580000	0.021502
16.590000	0.028030
16.600000	0.035358
16.610000	0.043289
16.620000	0.051627
16.630000	0.060177
16.640000	0.068759
16.650000	0.077239
16.660000	0.085487
16.670000	0.093377
16.680000	0.100781
16.690000	0.107571
16.700000	0.113618
16.710000	0.118797
16.720000	0.122978
16.730000	0.126033
16.740000	0.127836
16.750000	0.128258
16.760000	0.127270
16.770000	0.125132
16.780000	0.122156
16.790000	0.118656
16.800000	0.114946
16.810000	0.111338
16.820000	0.108145
16.830000	0.105681
16.840000	0.104259
16.850000	0.104192
16.860000	0.105794
16.870000	0.109377
16.880000	0.115101
16.890000	0.122619
16.900000	0.131475
16.910000	0.141215
16.920000	0.151384
16.930000	0.161527
16.940000	0.171191
16.950000	0.179920
16.960000	0.187260
16.970000	0.192757
16.980000	0.195955
16.990000	0.196400
17.000000	0.193796
17.010000	0.188445
17.020000	0.180790
17.030000	0.171271
17.040000	0.160332
17.050000	0.148415
17.060000	0.135962
17.070000	0.123414
17.080000	0.111215
17.090000	0.099806
17.100000	0.089630
17.110000	0.081128
17.120000	0.074632
17.130000	0.070002
17.140000	0.066972
17.150000	0.065275
17.160000	0.064647
17.170000	0.064821
17.180000	0.065533
17.190000	0.066515
17.200000	0.067502
17.210000	0.068228
17.220000	0.068429
17.230000	0.067837
17.240000	0.066251
17.250000	0.063782
17.260000	0.060632
17.270000	0.057003
17.280000	0.053098
17.290000	0.049119
17.300000	0.045270
17.310000	0.041753
17.320000	0.038770
17.330000	0.036525
17.340000	0.035219
17.350000	0.035056
17.360000	0.036202
17.370000	0.038627
17.380000	0.042232
17.390000	0.046922
17.400000	0.052599
17.410000	0.059166
17.420000	0.066526
17.430000	0.074580
17.440000	0.083234
17.450000	0.092388
17.460000	0.101946
17.470000	0.111811
17.480000	0.121871
17.490000	0.131917
17.500000	0.141707
17.510000	0.150997
17.520000	0.159544
17.530000	0.167105
17.540000	0.173436
17.550000	0.178294
17.560000	0.181435
17.570000	0.182617
17.580000	0.181595
17.590000	0.178126
17.600000	0.172022
17.610000	0.163479
17.620000	0.152859
17.630000	0.140524
17.640000	0.126835
17.650000	0.112154
17.660000	0.096844
17.670000	0.081266
17.680000	0.065783
17.690000	0.050756
17.700000	0.036547
17.710000	0.023518
17.720000	0.011998
17.730000	0.002047
17.740000	-0.006399
17.750000	-0.013410
17.760000	-0.019052
17.770000	-0.023394
17.780000	-0.026503
17.790000	-0.028445
17.800000	-0.029290
17.810000	-0.029104
17.820000	-0.027954
17.830000	-0.025909
17.840000	-0.023045
17.850000	-0.019513
17.860000	-0.015508
17.870000	-0.011223
17.880000	-0.006853
17.890000	-0.002591
17.900000	0.001368
17.910000	0.004831
17.920000	0.007602
17.930000	0.009490
17.940000	0.010298
17.950000	0.009834
17.960000	0.007928
17.970000	0.004684
17.980000	0.000367
17.990000	-0.004755
18.000000	-0.010415
18.010000	-0.016346
18.020000	-0.022280
18.030000	-0.027948
18.040000	-0.033085
18.050000	-0.037422
18.060000	-0.040691
18.070000	-0.042626
18.080000	-0.042978
18.090000	-0.041747
18.100000	-0.039097
18.110000	-0.035196
18.120000	-0.030210
18.130000	-0.024307
18.140000	-0.017654
18.150000	-0.010418
18.160000	-0.002767
18.170000	0.005133
18.180000	0.013114
18.190000	0.021009
18.200000	0.028651
18.210000	0.035887
18.220000	0.042571
18.230000	0.048558
18.240000	0.053703
18.250000	0.057860
18.260000	0.060886
18.270000	0.062634
18.280000	0.062959
18.290000	0.061717
18.300000	0.058763
18.310000	0.053951
18.320000	0.047155
18.330000	0.038548
18.340000	0.028558
18.350000	0.017617
18.360000	0.006158
18.370000	-0.005386
18.380000	-0.016580
18.390000	-0.026994
18.400000	-0.036192
18.410000	-0.043742
18.420000	-0.049210
18.430000	-0.052165
18.440000	-0.052197
18.450000	-0.049425
18.460000	-0.044447
18.470000	-0.037883
18.480000	-0.030349
18.490000	-0.022465
18.500000	-0.014848
18.510000	-0.008115
18.520000	-0.002886
18.530000	0.000222
18.540000	0.000591
18.550000	-0.002398
18.560000	-0.009333
18.570000	-0.020127
18.580000	-0.033993
18.590000	-0.050113
18.600000	-0.067669
18.610000	-0.085844
18.620000	-0.103819
18.630000	-0.120777
18.640000	-0.135900
18.650000	-0.148370
18.660000	-0.157369
18.670000	-0.162079
18.680000	-0.161707
18.690000	-0.156172
18.700000	-0.146211
18.710000	-0.132604
18.720000	-0.116132
18.730000	-0.097575
18.740000	-0.077714
18.750000	-0.057329
18.760000	-0.037202
18.770000	-0.018111
18.780000	-0.000839
18.790000	0.013835
18.800000	0.025144
18.810000	0.032862
18.820000	0.037447
18.830000	0.039401
18.840000	0.039228
18.850000	0.037430
18.860000	0.034510
18.870000	0.030971
18.880000	0.027315
18.890000	0.024046
18.900000	0.021665
18.910000	0.020676
18.920000	0.021574
18.930000	0.024531
18.940000	0.029257
18.950000	0.035426
18.960000	0.042714
18.970000	0.050797
18.980000	0.059349
18.990000	0.068046
19.000000	0.076563
19.010000	0.084575
19.020000	0.091758
19.030000	0.097788
19.040000	0.102340
19.050000	0.105231
19.060000	0.106492
19.070000	0.106175
19.080000	0.104330
19.090000	0.101010
19.100000	0.096264
19.110000	0.090145
19.120000	0.082703
19.130000	0.073990
19.140000	0.064057
19.150000	0.052955
19.160000	0.040735
19.170000	0.027493
19.180000	0.013400
19.190000	-0.001366
19.200000	-0.016624
19.210000	-0.032198
19.220000	-0.047907
19.230000	-0.063572
19.240000	-0.079016
19.250000	-0.094058
19.260000	-0.108520
19.270000	-0.122223
19.280000	-0.134988
19.290000	-0.146576
19.300000	-0.156632
19.310000	-0.164788
19.320000	-0.170675
19.330000	-0.173925
19.340000	-0.174170
19.350000	-0.171041
19.360000	-0.164170
19.370000	-0.153188
19.380000	-0.137727
19.390000	-0.117418
19.400000	-0.091895
19.410000	-0.061273
19.420000	-0.026724
19.430000	0.010435
19.440000	0.048892
19.450000	0.087331
19.460000	0.124436
19.470000	0.158894
19.480000	0.189390
19.490000	0.214609
19.500000	0.233235
19.510000	0.243955
19.520000	0.245456
19.530000	0.237210
19.540000	0.220631
19.550000	0.197429
19.560000	0.169314
19.570000	0.137996
19.580000	0.105184
19.590000	0.072588
19.600000	0.041918
19.610000	0.014885
19.620000	-0.006804
19.630000	-0.021437
19.640000	-0.027307
19.650000	-0.023614
19.660000	-0.012098
19.670000	0.005068
19.680000	0.025708
19.690000	0.047648
19.700000	0.068712
19.710000	0.086726
19.720000	0.099515
19.730000	0.104903
19.740000	0.100717
19.750000	0.084781
19.760000	0.054920
19.770000	0.010235
19.780000	-0.046181
19.790000	-0.110451
19.800000	-0.178700
19.810000	-0.247052
19.820000	-0.311631
19.830000	-0.368562
19.840000	-0.413970
19.850000	-0.443977
19.860000	-0.454710
19.870000	-0.442291
19.880000	-0.402846
19.890000	-0.335311
19.900000	-0.248577
19.910000	-0.153735
19.920000	-0.061878
19.930000	0.015904
19.940000	0.068517
19.950000	0.084870
19.960000	0.053871
19.970000	-0.035571
19.980000	-0.194550
19.990000	-0.434156
