0.000000
0.000000
0.000000
0.000000
0.000000
0.000000
0.000000
0.000000
0.000000
0.000000
0.000000
-10.953028
8.850569
5.162210
5.382549
4.171625
3.966269
3.225318
3.048785
2.503955
2.285971
1.930649
1.670856
1.472837
1.211449
1.091787
0.913431
0.763411
0.626942
0.520311
0.403652
0.315691
0.231608
0.164460
0.098778
0.049715
0.018902
-0.001977
-0.052334
-0.070203
-0.071795
-0.098628
-0.123227
-0.128107
-0.135423
-0.167503
-0.163856
-0.187052
-0.197229
-0.201751
-0.198280
-0.205058
-0.199732
-0.197142
-0.168597
-0.191898
-0.168671
-0.172021
-0.165463
-0.144874
-0.142272
-0.141914
-0.150347
-0.143014
-0.143752
-0.138600
-0.127346
-0.141544
-0.116310
-0.135857
-0.134804
-0.109594
-0.134161
-0.115741
-0.114783
-0.115819
-0.102859
-0.112349
-0.086479
-0.114858
-0.089228
-0.099429
-0.092254
-0.092696
-0.074924
-0.096174
-0.059035
-0.090661
-0.069214
-0.074753
-0.060059
-0.067835
-0.053663
-0.064758
-0.044310
-0.056839
-0.035973
-0.039646
-0.038650
-0.029185
-0.015086
-0.036450
-0.016540
-0.014375
-0.022756
-0.008230
-0.019032
-0.007202
-0.008415
-0.011981
-0.010804
0.001209
-0.005988
-0.006474
-0.002084
-0.003502
-0.009666
0.000795
-0.002370
-0.001361
-0.001675
0.005829
0.009475
-0.005994
0.009189
0.005750
-0.002478
0.011760
0.012694
0.013058
0.025926
0.016511
0.010959
0.034672
0.014661
0.023240
0.041324
0.016226
0.041337
0.026192
0.050410
0.023060
0.049864
0.028289
0.045295
0.046113
0.045895
0.041441
0.033105
0.052406
