0.000000
101.943383
42.799261
25.181317
13.056984
5.986425
1.561251
-1.018592
-2.328020
-2.953038
-2.986375
-2.963089
-2.246703
-1.780906
-0.951886
-0.380265
0.025407
0.502993
0.610269
0.761310
0.629027
0.880862
0.729260
0.718932
0.833921
0.696345
0.680589
0.522826
0.406031
0.196447
0.054080
0.000334
-0.013549
-0.094457
0.005166
-0.073442
0.019128
-0.035351
-0.022082
-0.001700
-0.045962
-0.024540
-0.046762
-0.046579
-0.086214
-0.072699
-0.055275
-0.091525
-0.062853
-0.093010
-0.069874
-0.071485
-0.086105
-0.055717
-0.088559
-0.058555
-0.058696
-0.064987
-0.072872
-0.047236
-0.058164
-0.048034
-0.064359
-0.050230
-0.069007
-0.080706
-0.075991
-0.065506
-0.070836
-0.057138
-0.031563
-0.091531
-0.071896
-0.055182
-0.071674
-0.047789
-0.068485
-0.044069
-0.075979
-0.067456
-0.061639
-0.034632
-0.085053
-0.061375
-0.067626
-0.061925
-0.054693
-0.071165
-0.041654
-0.081703
-0.062184
-0.048277
-0.054935
-0.069445
-0.015112
-0.048701
-0.036920
-0.039751
-0.089929
-0.098459
