0.000000
66.493736
29.188325
18.911383
10.216881
4.672978
1.259445
-0.810264
-1.961793
-2.469740
-2.579511
-2.447647
-2.040480
-1.481313
-0.853484
-0.397298
0.002290
0.339941
0.493425
0.646603
0.704284
0.685309
0.723515
0.726582
0.732051
0.700326
0.667066
0.494627
0.437873
0.184302
0.104341
0.003993
-0.003738
-0.031844
-0.000139
-0.001244
0.009198
0.008726
0.000275
0.001888
-0.036053
-0.008460
-0.035832
-0.045979
-0.029788
-0.068316
-0.016239
-0.062816
-0.036449
-0.048176
-0.030521
-0.038358
-0.044655
-0.020387
-0.047635
-0.020265
-0.015501
-0.011762
-0.038369
0.000427
-0.028576
-0.007145
-0.015882
-0.013197
-0.037095
-0.012560
-0.026339
-0.009345
-0.012926
-0.018332
-0.008409
-0.020461
-0.015836
-0.010345
-0.004692
-0.013186
0.008436
-0.003900
-0.005284
-0.002399
0.002318
0.001192
0.000161
-0.001863
0.008763
0.007412
0.002527
0.016741
-0.001604
0.015607
0.009986
0.032056
0.017381
0.039644
0.053203
0.028787
0.044830
0.059779
0.006883
0.023249
