0.000000
-0.550287
0.557317
1.479842
1.102329
0.861996
0.509566
0.288249
0.103619
-0.005289
-0.093010
-0.100119
-0.071399
-0.029810
-0.022255
0.005538
0.107669
0.096685
0.087533
0.108189
0.168513
0.138616
0.188255
0.159792
0.212941
0.214631
0.221809
0.215413
0.226926
0.209910
0.194093
0.189643
0.190885
0.160435
0.143420
0.117078
0.107921
0.099400
0.071400
0.061955
0.023354
0.044701
0.003419
0.012580
-0.007173
-0.007488
-0.013476
-0.010374
-0.012027
-0.015487
-0.002173
-0.008676
0.001745
0.010848
0.017286
0.013591
0.020636
0.024021
0.006951
0.034171
0.019425
0.019812
0.033412
0.013965
0.026944
0.018237
0.021860
0.018461
0.015174
0.013514
0.027645
-0.002059
0.025194
0.003493
0.005328
0.002871
0.003425
0.010108
0.001912
0.003333
0.003433
-0.001769
0.008188
0.010560
0.024397
0.008073
0.030847
0.014567
0.038859
0.025424
0.037375
0.022998
0.040604
0.028239
0.039612
0.039526
0.031629
0.052950
0.034214
0.065249
