0.000000
1477.640186
22.087431
13.789356
10.200334
6.846765
4.477571
2.613687
1.296341
0.342847
-0.345287
-0.816082
-1.119900
-1.285077
-1.367287
-1.369643
-1.326130
-1.210946
-1.053965
-0.900592
-0.627154
-0.493482
-0.290338
-0.186025
-0.000217
0.076666
0.160246
0.252136
0.285679
0.307946
0.353471
0.311648
0.386487
0.355960
0.361995
0.366142
0.404845
0.375580
0.415012
0.400525
0.401156
0.368880
0.353414
0.259935
0.214283
0.134957
0.097842
0.053549
0.035379
0.014150
-0.004393
-0.005336
-0.017563
-0.005225
-0.020262
-0.002920
-0.005767
-0.020011
-0.005340
-0.015936
-0.021977
-0.025429
-0.008656
-0.025760
-0.024039
-0.017069
-0.018535
-0.018506
-0.018578
-0.018486
-0.012498
-0.011190
-0.012131
-0.006895
-0.013165
-0.005476
-0.017900
-0.012505
-0.011110
-0.008434
-0.006874
-0.007464
-0.011365
0.006163
-0.002222
0.004250
0.005415
-0.014838
-0.002731
-0.001173
-0.015005
-0.008581
-0.009765
-0.002667
-0.016729
-0.002782
-0.027309
-0.001494
-0.021505
-0.004141
-0.020340
-0.002160
-0.012044
-0.002895
-0.020932
-0.000451
-0.014317
-0.010146
-0.012216
-0.015316
-0.007096
-0.013407
-0.002428
-0.017752
-0.005299
-0.012118
-0.008738
-0.008970
-0.009740
-0.011377
-0.003765
-0.005584
-0.013566
-0.003341
-0.006575
-0.007123
0.001282
-0.003399
0.003415
-0.001586
0.012379
-0.004428
0.009300
0.003793
0.015898
0.008869
0.016047
0.009148
0.025581
0.010474
0.020738
0.016010
0.032655
0.019109
0.022052
0.018311
0.042639
0.008654
0.009640
0.033847
